const short  y_data[] = {
947, 952, 958, 964, 969, 979, 995, 1011, 1023, 1033, 
1042, 1052, 1058, 1062, 1066, 1070, 1074, 1078, 1087, 1098, 
1109, 1119, 1126, 1134, 1141, 1149, 1159, 1168, 1176, 1182, 
1189, 1195, 1202, 1206, 1209, 1212, 1216, 1221, 1226, 1231, 
1236, 1241, 1246, 1251, 1256, 1261, 1263, 1264, 1265, 1265, 
1266, 1267, 1269, 1271, 1273, 1271, 1266, 1260, 1254, 1249, 
1245, 1241, 1237, 1233, 1229, 1225, 1221, 1217, 1213, 1209, 
1205, 1200, 1196, 1191, 1187, 1183, 1179, 1175, 1168, 1160, 
1153, 1145, 1140, 1135, 1130, 1125, 1120, 1117, 1113, 1109, 
1105, 1097, 1090, 1082, 1074, 1063, 1052, 1041, 1031, 1021, 
1011, 1003, 998, 994, 989, 985, 981, 972, 963, 954, 
949, 947, 944, 942, 940, 938, 935, 934, 933, 932, 
931, 929, 928, 926, 925, 923, 922, 922, 921, 920, 
920, 919, 920, 922, 923, 924, 925, 927, 929, 930, 
932, 934, 936, 937, 939, 940, 941, 942, 943, 944, 
944, 942, 941, 937, 933, 930, 923, 916, 909, 900, 
892, 883, 875, 865, 856, 840, 815, 783, 724, 660, 
712, 767, 524, 1000, 1055, 1161, 1270, 1307, 1350, 1497, 
1605, 1903, 2009, 2254, 2299, 2576, 2836, 2854, 3178, 3083, 
3203, 3474, 3795, 3746, 4051, 4086, 4091, 4095, 3806, 3464, 
3345, 3355, 3269, 3024, 2993, 2912, 2820, 2789, 2451, 2317, 
1584, 1228, 1236, 1277, 544, 1076, 763, 447, 755, 189, 
130, 9, 43, 83, 105, 126, 145, 168, 323, 304, 
431, 278, 274, 399, 505, 525, 555, 660, 606, 669, 
727, 749, 794, 877, 918, 942, 955, 968, 980, 984, 
989, 994, 999, 1001, 1003, 1006, 1010, 1016, 1016, 1018, 
1019, 1020, 1021, 1023, 1024, 1024, 1024, 1024, 1023, 1023, 
1019, 1011, 1004, 1000, 1001, 1002, 1003, 1004, 1008, 1008, 
1008, 1009, 1010, 1004, 1002, 999, 995, 991, 991, 989, 
987, 985, 983, 978, 973, 972, 971, 971, 970, 969, 
963, 954, 951, 948, 945, 943, 943, 945, 951, 958, 
961, 960, 958, 957, 957, 957, 957, 957, 957, 957, 
957, 956, 954, 953, 954, 955, 956, 957, 957, 958, 
959, 960, 967, 978, 966, 973, 979, 977, 970, 981, 
994, 996, 999, 1001, 1004, 1007, 1009, 1009, 1012, 1019, 
1025, 1032, 1038, 1052, 1056, 1061, 1065, 1075, 1085, 1096, 
1098, 1103, 1108, 1112, 1117, 1122, 1128, 1134, 1140, 1149, 
1156, 1161, 1166, 1172, 1179, 1185, 1192, 1199, 1205, 1210, 
1214, 1219, 1224, 1226, 1229, 1231, 1234, 1237, 1240, 1243, 
1246, 1250, 1254, 1258, 1267, 1277, 1288, 1291, 1293, 1296, 
1299, 1302, 1304, 1308, 1312, 1317, 1322, 1326, 1329, 1331, 
1332, 1332, 1332, 1332, 1332, 1332, 1332, 1332, 1332, 1332, 
1332, 1330, 1328, 1323, 1317, 1313, 1313, 1313, 1313, 1313, 
1312, 1308, 1305, 1302, 1296, 1289, 1283, 1273, 1262, 1253, 
1247, 1243, 1239, 1229, 1226, 1224, 1221, 1218, 1214, 1211, 
1206, 1199, 1193, 1185, 1176, 1167, 1158, 1150, 1142, 1135, 
1129, 1123, 1118, 1112, 1102, 1096, 1091, 1086, 1081, 1075, 
1070, 1065, 1063, 1061, 1025, 1019, 1012, 1005, 999, 993, 
989, 984, 979, 977, 975, 973, 971, 968, 966, 964, 
962, 962, 962, 962, 962, 962, 960, 959, 958, 958, 
958, 958, 958, 958, 958, 959, 960, 961, 962, 962, 
963, 963, 964, 965, 965, 965, 965, 965, 965, 966, 
966, 967, 968, 968, 969, 970, 970, 971, 972, 972, 
974, 975, 976, 976, 976, 975, 975, 975, 975, 975, 
975, 975, 975, 975, 975, 976, 977, 977, 978};
